Name,Image File,Social Media File
Henri Harland,Henri_Harland_image.jpg,Henri_Harland_social_media.txt
Richard Marganne,Richard_Marganne_image.jpg,Richard_Marganne_social_media.txt
Serge Helou,Serge_Helou_image.jpg,Serge_Helou_social_media.txt
Jessica Nguyen-Hoang,Jessica_Nguyen-Hoang_image.jpg,Jessica_Nguyen-Hoang_social_media.txt
Sébastien Fabbi,Sébastien_Fabbi_image.jpg,Sébastien_Fabbi_social_media.txt
Mélissa Marganne,Mélissa_Marganne_image.jpg,Mélissa_Marganne_social_media.txt
Artem Shatalov,Artem_Shatalov_image.jpg,Artem_Shatalov_social_media.txt
Ouissem Gombra,Ouissem_Gombra_image.jpg,Ouissem_Gombra_social_media.txt
Nadège Bacchetti,Nadège_Bacchetti_image.jpg,Nadège_Bacchetti_social_media.txt
Ian Lin,Ian_Lin_image.jpg,Ian_Lin_social_media.txt
Ian Scarffe,Ian_Scarffe_image.jpg,Ian_Scarffe_social_media.txt
Simon Cocking,Simon_Cocking_image.jpg,Simon_Cocking_social_media.txt
Laurent Leloup,Laurent_Leloup_image.jpg,N/A
Nikolay Shkilev,Nikolay_Shkilev_image.jpg,Nikolay_Shkilev_social_media.txt
Jeremy Khoo,Jeremy_Khoo_image.jpg,Jeremy_Khoo_social_media.txt
Eric Alexandre Ceret,Eric_Alexandre_Ceret_image.jpg,Eric_Alexandre_Ceret_social_media.txt
Eric Alexandre Ceret,Eric_Alexandre_Ceret_image.jpg,Eric_Alexandre_Ceret_social_media.txt
Jeremy Khoo,Jeremy_Khoo_image.jpg,Jeremy_Khoo_social_media.txt
Nadira Hajjar,Nadira_Hajjar_image.jpg,Nadira_Hajjar_social_media.txt
Xavier Harland,Xavier_Harland_image.jpg,Xavier_Harland_social_media.txt
Geneviève Wiedmann Harland,Geneviève_Wiedmann_Harland_image.jpg,Geneviève_Wiedmann_Harland_social_media.txt
Alexandra Jargilo,Alexandra_Jargilo_image.jpg,Alexandra_Jargilo_social_media.txt
Adrien Charretton,Adrien_Charretton_image.jpg,Adrien_Charretton_social_media.txt
Chloé Champoux-Rhéaume,Chloé_Champoux-Rhéaume_image.jpg,Chloé_Champoux-Rhéaume_social_media.txt
Elias Serrano,Elias_Serrano_image.jpg,Elias_Serrano_social_media.txt
Marion Lafon,Marion_Lafon_image.jpg,Marion_Lafon_social_media.txt
Jatin Dudhat,Jatin_Dudhat_image.jpg,Jatin_Dudhat_social_media.txt
Paras Chodavadiya,Paras_Chodavadiya_image.jpg,Paras_Chodavadiya_social_media.txt
Camille Fertel,Camille_Fertel_image.jpg,Camille_Fertel_social_media.txt
Mathilde Marcy,Mathilde_Marcy_image.jpg,Mathilde_Marcy_social_media.txt
Elie Chatta,Elie_Chatta_image.jpg,Elie_Chatta_social_media.txt
Naheda Hajjar,Naheda_Hajjar_image.jpg,Naheda_Hajjar_social_media.txt
Samantha Damis,Samantha_Damis_image.jpg,Samantha_Damis_social_media.txt
Julien Debut,Julien_Debut_image.jpg,Julien_Debut_social_media.txt
Kevin Pitt,Kevin_Pitt_image.jpg,Kevin_Pitt_social_media.txt
Xavier Baloche,Xavier_Baloche_image.jpg,Xavier_Baloche_social_media.txt
Gauravkumar Parvadiya,Gauravkumar_Parvadiya_image.jpg,Gauravkumar_Parvadiya_social_media.txt
